0.00,2701,20.000000,95.000000,0.000000,0.000000,0.000000,0.000000,0.000000,11,FALSE
0.50,2701,20.000000,95.000000,-0.841045,-0.540964,-1.682091,-1.081929,0.000000,11,FALSE
1.00,2701,19.579477,94.729518,-1.682091,-1.081929,-1.682091,-1.081929,0.000000,11,FALSE
1.50,2701,18.738432,94.188553,-2.523136,-1.622893,-1.682091,-1.081929,0.000000,11,FALSE
2.00,2701,17.476864,93.377107,-3.364182,-2.163858,-1.682091,-1.081929,0.000000,11,FALSE
2.50,2701,15.794773,92.295178,-3.364182,-2.163858,-1.682091,-1.081929,0.000000,11,FALSE
3.00,2701,14.112682,91.213249,-3.364182,-2.163858,-1.682091,-1.081929,0.000000,11,FALSE
3.50,2701,12.430591,90.131320,-3.364182,-2.163858,-1.682091,-1.081929,0.000000,11,FALSE
4.00,2701,10.748500,89.049391,-3.364182,-2.163858,-1.682091,-1.081929,0.000000,11,FALSE
4.50,2701,9.066409,87.967462,-3.364182,-2.163858,-1.682091,-1.081929,0.000000,11,FALSE
5.00,2701,7.384318,86.885533,-3.364182,-2.163858,-1.682091,-1.081929,0.000000,11,FALSE
5.50,2701,5.702227,85.803605,-3.364182,-2.163858,-1.682091,-1.081929,0.000000,11,FALSE
6.00,2701,4.020136,84.721676,-3.364182,-2.163858,-1.682091,-1.081929,0.000000,11,FALSE
6.50,2701,2.338045,83.639747,-3.353915,-2.179736,-1.656050,-1.121382,0.000000,11,FALSE
7.00,2701,0.661087,82.549879,-3.333201,-2.211283,-1.623687,-1.167751,0.000000,11,FALSE
7.50,2701,-1.005513,81.444237,-3.303701,-2.255118,-1.589968,-1.213261,0.000000,11,FALSE
8.00,2701,-2.657363,80.316678,-3.266866,-2.308157,-1.555502,-1.257145,0.000000,11,FALSE
8.50,2701,-4.290796,79.162599,-3.224020,-2.367635,-1.520899,-1.298794,0.000000,11,FALSE
9.00,2701,-5.902806,77.978782,-3.176417,-2.431126,-1.486745,-1.337755,0.000000,11,FALSE
9.50,2701,-7.491015,76.763219,-3.085206,-2.545880,-1.339380,-1.485282,0.000000,11,FALSE
10.00,2701,-9.033618,75.490279,-2.936405,-2.716161,-1.123212,-1.654810,0.000000,11,FALSE
10.50,2701,-10.501820,74.132199,-2.713824,-2.938565,-0.826145,-1.821396,0.000000,11,FALSE
11.00,2701,-11.858732,72.662917,-2.399373,-3.200470,-0.440900,-1.950796,0.000000,11,FALSE
11.50,2701,-13.058419,71.062682,-1.980855,-3.475085,0.010088,-1.999975,0.000000,11,FALSE
12.00,2701,-14.048846,69.325139,-1.461854,-3.723303,0.469623,-1.944082,0.000000,11,FALSE
12.50,2701,-14.779773,67.463488,-0.865383,-3.905267,0.875072,-1.798402,0.000000,11,FALSE
13.00,2701,-15.212464,65.510854,-0.227478,-3.993526,1.194491,-1.604117,0.000000,11,FALSE
13.50,2701,-15.326203,63.514091,0.459882,-3.973476,1.528627,-1.289689,0.000000,11,FALSE
14.00,2701,-15.096262,61.527353,1.079118,-3.851688,1.631009,-1.157502,0.000000,11,FALSE
14.50,2701,-14.556703,59.601509,1.620868,-3.656882,1.713428,-1.031584,0.000000,11,FALSE
15.00,2701,-13.746269,57.773068,2.082014,-3.415438,1.776591,-0.918545,0.000000,11,FALSE
15.50,2701,-12.705262,56.065349,2.464612,-3.150506,1.823078,-0.822427,0.000000,11,FALSE
16.00,2701,-11.472956,54.490096,2.774658,-2.881193,1.856121,-0.744858,0.000000,11,FALSE
16.50,2701,-10.085627,53.049499,3.020672,-2.622125,1.878794,-0.685663,0.000000,11,FALSE
17.00,2701,-8.575291,51.738437,3.212284,-2.383533,1.893633,-0.643548,0.000000,11,FALSE
17.50,2701,-6.969149,50.546670,3.359094,-2.171747,1.902562,-0.616651,0.000000,11,FALSE
18.00,2701,-5.289602,49.460797,3.469894,-1.989934,1.906962,-0.602907,0.000000,11,FALSE
18.50,2701,-3.554655,48.465829,3.552248,-1.838894,1.907795,-0.600265,0.000000,11,FALSE
19.00,2701,-1.778531,47.546382,3.612375,-1.717774,1.905728,-0.606797,0.000000,11,FALSE
19.50,2701,0.027656,46.687495,3.655201,-1.624655,1.901230,-0.620745,0.000000,11,FALSE
20.00,2701,1.855257,45.875168,3.682831,-1.561010,1.891130,-0.650866,0.000000,11,FALSE
20.50,2701,3.696673,45.094663,3.684040,-1.558156,1.844426,-0.773364,0.000000,11,FALSE
21.00,2701,5.538693,44.315585,3.653425,-1.628646,1.758732,-0.952294,0.000000,11,FALSE
21.50,2701,7.365405,43.501262,3.573434,-1.797378,1.587539,-1.216437,0.000000,11,FALSE
22.00,2701,9.152122,42.602573,3.399946,-2.107218,1.215634,-1.588154,0.000000,11,FALSE
22.50,2701,10.852095,41.548964,3.044933,-2.593912,0.438076,-1.951433,0.000000,11,FALSE
23.00,2701,12.374562,40.252008,2.440447,-3.169262,-0.634551,-1.896667,0.000000,11,FALSE
23.50,2701,13.594785,38.667377,1.579942,-3.674749,-1.709004,-1.038896,0.000000,11,FALSE
24.00,2701,14.384757,36.830003,0.653620,-3.946236,-1.797247,-0.877441,0.000000,11,FALSE
24.50,2701,14.711566,34.856884,-0.262925,-3.991349,-1.873294,-0.700549,0.000000,11,FALSE
25.00,2701,14.580104,32.861210,-1.109693,-3.842991,-1.930324,-0.523308,0.000000,11,FALSE
25.50,2701,14.025257,30.939714,-1.846399,-3.548353,-1.967343,-0.359946,0.000000,11,FALSE
26.00,2701,13.102058,29.165537,-2.452977,-3.159573,-1.987833,-0.220268,0.000000,11,FALSE
26.50,2701,11.875569,27.585751,-2.927375,-2.725890,-1.997042,-0.108733,0.000000,11,FALSE
27.00,2701,10.411882,26.222806,-3.281015,-2.287999,-1.999836,-0.025575,0.000000,11,FALSE
27.50,2701,8.771375,25.078806,-3.533129,-1.875367,-1.999753,0.031448,0.000000,11,FALSE
28.00,2701,7.004810,24.141123,-3.705527,-1.506342,-1.998923,0.065627,0.000000,11,FALSE
28.50,2701,5.152046,23.387952,-3.818865,-1.190072,-1.998382,0.080422,0.000000,11,FALSE
29.00,2701,3.242614,22.792916,-3.890608,-0.929070,-1.998437,0.079046,0.000000,11,FALSE
29.50,2701,1.297310,22.328381,-3.934370,-0.721618,-1.998966,0.064319,0.000000,11,FALSE
30.00,2701,-0.669875,21.967572,-3.960090,-0.563640,-1.999626,0.038669,0.000000,11,FALSE
30.50,2701,-2.649920,21.685752,-3.974610,-0.449975,-1.999996,0.004195,0.000000,11,FALSE
31.00,2701,-4.637225,21.460764,-3.982369,-0.375153,-1.999653,-0.037269,0.000000,11,FALSE
31.50,2701,-6.628409,21.273188,-3.986045,-0.333830,-1.998231,-0.084090,0.000000,11,FALSE
32.00,2701,-8.621432,21.106273,-3.987100,-0.320987,-1.995453,-0.134791,0.000000,11,FALSE
32.50,2701,-10.614982,20.945779,-3.986198,-0.332004,-1.991142,-0.188023,0.000000,11,FALSE
33.00,2701,-12.608081,20.779777,-3.983525,-0.362669,-1.985237,-0.242557,0.000000,11,FALSE
33.50,2701,-14.599843,20.598443,-3.979019,-0.409160,-1.977782,-0.297283,0.000000,11,FALSE
34.00,2701,-16.589352,20.393863,-3.972525,-0.468021,-1.968920,-0.351219,0.000000,11,FALSE
34.50,2701,-18.575615,20.159852,-3.963906,-0.536140,-1.958870,-0.403518,0.000000,11,FALSE
35.00,2701,-20.557568,19.891782,-3.953100,-0.610737,-1.947911,-0.453477,0.000000,11,FALSE
35.50,2701,-22.534118,19.586414,-3.937595,-0.703807,-1.926815,-0.536082,0.000000,11,FALSE
36.00,2701,-24.502916,19.234510,-3.910338,-0.842173,-1.876261,-0.692565,0.000000,11,FALSE
36.50,2701,-26.458085,18.813423,-3.860053,-1.048806,-1.774427,-0.922717,0.000000,11,FALSE
37.00,2701,-28.388111,18.289020,-3.758866,-1.367819,-1.542561,-1.272991,0.000000,11,FALSE
37.50,2701,-30.267544,17.605111,-3.535601,-1.870701,-0.964241,-1.752210,0.000000,11,FALSE
38.00,2701,-32.035345,16.669760,-3.074242,-2.559109,0.184315,-1.991489,0.000000,11,FALSE
38.50,2701,-33.572466,15.390206,-2.369660,-3.222532,1.218801,-1.585725,0.000000,11,FALSE
39.00,2701,-34.757295,13.778940,-1.503640,-3.706625,1.692590,-1.065429,0.000000,11,FALSE
39.50,2701,-35.509116,11.925628,-0.546687,-3.962466,1.897158,-0.633082,0.000000,11,FALSE
40.00,2701,-35.782459,9.944395,0.406651,-3.979276,1.949070,-0.448471,0.000000,11,FALSE
40.50,2701,-35.579134,7.954757,1.287586,-3.787099,1.982445,-0.264407,0.000000,11,FALSE
41.00,2701,-34.935340,6.061207,2.048357,-3.435729,1.997698,-0.095923,0.000000,11,FALSE
41.50,2701,-33.911162,4.343343,2.664745,-2.983141,1.999450,0.046896,0.000000,11,FALSE
42.00,2701,-32.578789,2.851772,3.134301,-2.485187,1.993606,0.159800,0.000000,11,FALSE
42.50,2701,-31.011639,1.609178,3.470994,-1.988015,1.985181,0.243012,0.000000,11,FALSE
43.00,2701,-29.276142,0.615171,3.698119,-1.524438,1.977486,0.299246,0.000000,11,FALSE
43.50,2701,-27.427082,-0.147048,3.841730,-1.114050,1.972226,0.332149,0.000000,11,FALSE
44.00,2701,-25.506217,-0.704073,3.926030,-0.765692,1.969949,0.345398,0.000000,11,FALSE
44.50,2701,-23.543202,-1.086919,3.971009,-0.480717,1.970490,0.342300,0.000000,11,FALSE
45.00,2701,-21.557697,-1.327278,3.991803,-0.255947,1.973305,0.325682,0.000000,11,FALSE
45.50,2701,-19.561796,-1.455251,3.999078,-0.085899,1.977685,0.297929,0.000000,11,FALSE
46.00,2701,-17.562257,-1.498200,3.999840,0.035774,1.982888,0.261065,0.000000,11,FALSE
46.50,2701,-15.562337,-1.480314,3.998334,0.115452,1.988209,0.216853,0.000000,11,FALSE
47.00,2701,-13.563170,-1.422588,3.996833,0.159145,1.993027,0.166864,0.000000,11,FALSE
47.50,2701,-11.564754,-1.343015,3.996286,0.172335,1.996831,0.112537,0.000000,11,FALSE
48.00,2701,-9.566611,-1.256848,3.996800,0.159956,1.999238,0.055213,0.000000,11,FALSE
48.50,2701,-7.568211,-1.176870,3.998001,0.126440,1.999996,-0.003855,0.000000,11,FALSE
49.00,2701,-5.569210,-1.113650,3.999282,0.075776,1.998992,-0.063501,0.000000,11,FALSE
49.50,2701,-3.569569,-1.075762,3.999983,0.011564,1.996235,-0.122659,0.000000,11,FALSE
50.00,2701,-1.569577,-1.069980,3.999505,-0.062945,1.991849,-0.180381,0.000000,11,FALSE
50.50,2701,0.430175,-1.101452,3.997378,-0.144819,1.986045,-0.235853,0.000000,11,FALSE
51.00,2701,2.428864,-1.173862,3.993299,-0.231436,1.979096,-0.288408,0.000000,11,FALSE
51.50,2701,4.425513,-1.289580,3.987141,-0.320480,1.971313,-0.337528,0.000000,11,FALSE
52.00,2701,6.419084,-1.449820,3.978939,-0.409937,1.963015,-0.382847,0.000000,11,FALSE
52.50,2701,8.408553,-1.654788,3.968867,-0.498094,1.954510,-0.424135,0.000000,11,FALSE
53.00,2701,10.392986,-1.903835,3.957207,-0.583535,1.946076,-0.461292,0.000000,11,FALSE
53.50,2701,12.371590,-2.195603,3.944313,-0.665125,1.937949,-0.494322,0.000000,11,FALSE
54.00,2701,14.343746,-2.528165,3.930578,-0.741994,1.930321,-0.523319,0.000000,11,FALSE
54.50,2701,16.309036,-2.899162,3.916401,-0.813515,1.923332,-0.548446,0.000000,11,FALSE
55.00,2701,18.267236,-3.305920,3.902162,-0.879278,1.917079,-0.569919,0.000000,11,FALSE
55.50,2701,20.218317,-3.745558,3.888209,-0.939060,1.911614,-0.587989,0.000000,11,FALSE
56.00,2701,22.162421,-4.215089,3.874835,-0.992801,1.906955,-0.602929,0.000000,11,FALSE
56.50,2701,24.099839,-4.711489,3.848909,-1.088990,1.860643,-0.733489,0.000000,11,FALSE
57.00,2701,26.024293,-5.255984,3.801464,-1.244538,1.774266,-0.923028,0.000000,11,FALSE
57.50,2701,27.925025,-5.878252,3.711107,-1.492542,1.592949,-1.209345,0.000000,11,FALSE
58.00,2701,29.780579,-6.624523,3.523347,-1.893680,1.161333,-1.628283,0.000000,11,FALSE
58.50,2701,31.542253,-7.571364,3.124466,-2.497541,0.182907,-1.991619,0.000000,11,FALSE
59.00,2701,33.104486,-8.820134,2.458363,-3.155385,-1.014322,-1.723702,0.000000,11,FALSE
59.50,2701,34.333667,-10.397827,1.609247,-3.662011,-1.641230,-1.142962,0.000000,11,FALSE
60.00,2701,35.138291,-12.228832,0.651120,-3.946650,-1.915005,-0.576851,0.000000,11,FALSE
60.50,2701,35.463851,-14.202157,-0.317046,-3.987415,-1.961071,-0.392682,0.000000,11,FALSE
61.00,2701,35.305328,-16.195865,-1.221714,-3.808860,-1.989507,-0.204598,0.000000,11,FALSE
61.50,2701,34.694471,-18.100295,-2.009697,-3.458485,-1.999795,-0.028617,0.000000,11,FALSE
62.00,2701,33.689623,-19.829537,-2.651770,-2.994681,-1.996184,0.123495,0.000000,11,FALSE
62.50,2701,32.363738,-21.326878,-3.141747,-2.475768,-1.984817,0.245970,0.000000,11,FALSE
63.00,2701,30.792864,-22.564762,-3.491681,-1.951452,-1.971216,0.338095,0.000000,11,FALSE
63.50,2701,29.047024,-23.540488,-3.724763,-1.458128,-1.959143,0.402194,0.000000,11,FALSE
64.00,2701,27.184642,-24.269552,-3.868230,-1.018234,-1.950578,0.441867,0.000000,11,FALSE
64.50,2701,25.250527,-24.778669,-3.948073,-0.642435,-1.946169,0.460897,0.000000,11,FALSE
65.00,2701,23.276491,-25.099886,-3.986117,-0.332979,-1.945733,0.462733,0.000000,11,FALSE
65.50,2701,21.283433,-25.266376,-3.999056,-0.086918,-1.948641,0.450330,0.000000,11,FALSE
66.00,2701,19.283905,-25.309835,-3.998715,0.101384,-1.954068,0.426165,0.000000,11,FALSE
66.50,2701,17.284548,-25.259143,-3.992877,0.238601,-1.961143,0.392324,0.000000,11,FALSE
67.00,2701,15.288109,-25.139842,-3.986242,0.331479,-1.969031,0.350596,0.000000,11,FALSE
67.50,2701,13.294988,-24.974103,-3.981297,0.386356,-1.976981,0.302566,0.000000,11,FALSE
68.00,2701,11.304339,-24.780925,-3.979037,0.408982,-1.984354,0.249675,0.000000,11,FALSE
68.50,2701,9.314821,-24.576434,-3.979496,0.404493,-1.990640,0.193267,0.000000,11,FALSE
69.00,2701,7.325073,-24.374187,-3.982150,0.377472,-1.995465,0.134605,0.000000,11,FALSE
69.50,2701,5.333998,-24.185451,-3.986197,0.332014,-1.998598,0.074876,0.000000,11,FALSE
70.00,2701,3.340900,-24.019444,-3.990754,0.271807,-1.999942,0.015179,0.000000,11,FALSE
70.50,2701,1.345523,-23.883541,-3.994988,0.200179,-1.999527,-0.043489,0.000000,11,FALSE
71.00,2701,-0.651971,-23.783451,-3.998195,0.120138,-1.997486,-0.100254,0.000000,11,FALSE
71.50,2701,-2.651069,-23.723382,-3.999852,0.034390,-1.994033,-0.154381,0.000000,11,FALSE
72.00,2701,-4.650995,-23.706187,-3.999627,-0.054656,-1.989437,-0.205282,0.000000,11,FALSE
72.50,2701,-6.650808,-23.733515,-3.997375,-0.144880,-1.983994,-0.252519,0.000000,11,FALSE
73.00,2701,-8.649496,-23.805955,-3.993123,-0.234459,-1.978005,-0.295798,0.000000,11,FALSE
73.50,2701,-10.646057,-23.923185,-3.987030,-0.321859,-1.971751,-0.334957,0.000000,11,FALSE
74.00,2701,-12.639572,-24.084114,-3.979359,-0.405830,-1.965486,-0.369954,0.000000,11,FALSE
74.50,2701,-14.629252,-24.287029,-3.970440,-0.485389,-1.959420,-0.400840,0.000000,11,FALSE
75.00,2701,-16.614472,-24.529724,-3.960633,-0.559806,-1.953722,-0.427750,0.000000,11,FALSE
75.50,2701,-18.594789,-24.809627,-3.950303,-0.628576,-1.948515,-0.450877,0.000000,11,FALSE
76.00,2701,-20.569940,-25.123915,-3.939794,-0.691394,-1.943880,-0.470456,0.000000,11,FALSE
76.50,2701,-22.539837,-25.469612,-3.929415,-0.748129,-1.939863,-0.486756,0.000000,11,FALSE
77.00,2701,-24.504545,-25.843677,-3.919430,-0.798793,-1.936477,-0.500059,0.000000,11,FALSE
77.50,2701,-26.464260,-26.243073,-3.910049,-0.843517,-1.933709,-0.510655,0.000000,11,FALSE
78.00,2701,-28.419284,-26.664832,-3.901430,-0.882523,-1.931531,-0.518835,0.000000,11,FALSE
78.50,2701,-30.369999,-27.106093,-3.893680,-0.916107,-1.929896,-0.524881,0.000000,11,FALSE
79.00,2701,-32.316839,-27.564147,-3.886863,-0.944614,-1.928753,-0.529067,0.000000,11,FALSE
79.50,2701,-34.260270,-28.036454,-3.880999,-0.968424,-1.928043,-0.531650,0.000000,11,FALSE
80.00,2701,-36.200770,-28.520666,-3.876078,-0.987938,-1.927706,-0.532871,0.000000,11,FALSE
80.50,2701,-38.138809,-29.014635,-3.872061,-1.003564,-1.927683,-0.532953,0.000000,11,FALSE
81.00,2701,-40.074840,-29.516417,-3.868893,-1.015712,-1.927918,-0.532101,0.000000,11,FALSE
81.50,2701,-42.009286,-30.024273,-3.866089,-1.026330,-1.927293,-0.534362,0.000000,11,FALSE
82.00,2701,-43.942331,-30.537438,-3.851984,-1.078061,-1.894319,-0.641525,0.000000,11,FALSE
82.50,2701,-45.868323,-31.076468,-3.820121,-1.186033,-1.831169,-0.804251,0.000000,11,FALSE
83.00,2701,-47.778383,-31.669485,-3.753043,-1.383715,-1.690830,-1.068220,0.000000,11,FALSE
83.50,2701,-49.654905,-32.361342,-3.598354,-1.746954,-1.308958,-1.512160,0.000000,11,FALSE
84.00,2701,-51.454082,-33.234819,-3.214335,-2.380766,-0.206352,-1.989326,0.000000,11,FALSE
84.50,2701,-53.061250,-34.425202,-2.538155,-3.091564,1.215591,-1.588187,0.000000,11,FALSE
85.00,2701,-54.330327,-35.970984,-1.648180,-3.547574,1.779949,-0.912020,0.000000,11,FALSE
85.50,2701,-55.154417,-37.744772,-0.671271,-3.761229,1.953819,-0.427308,0.000000,11,FALSE
86.00,2701,-55.490053,-39.625386,0.321089,-3.884606,1.984720,-0.246755,0.000000,11,FALSE
86.50,2701,-55.329509,-41.567689,1.277624,-3.790472,1.998899,-0.066368,0.000000,11,FALSE
87.00,2701,-54.690697,-43.462925,2.080498,-3.416362,1.997221,0.105389,0.000000,11,FALSE
87.50,2701,-53.650447,-45.171106,2.730911,-2.922692,1.983448,0.256778,0.000000,11,FALSE
88.00,2701,-52.284992,-46.632452,3.221099,-2.371607,1.963957,0.377986,0.000000,11,FALSE
88.50,2701,-50.674443,-47.818255,3.563768,-1.816468,1.944338,0.468561,0.000000,11,FALSE
89.00,2701,-48.892558,-48.726489,3.784161,-1.296195,1.928206,0.531057,0.000000,11,FALSE
89.50,2701,-47.000478,-49.374587,3.912008,-0.834383,1.917285,0.569226,0.000000,11,FALSE
90.00,2701,-45.044474,-49.791779,3.975532,-0.441756,1.911942,0.586921,0.000000,11,FALSE
90.50,2701,-43.056708,-50.012657,3.998201,-0.119961,1.911736,0.587591,0.000000,11,FALSE
91.00,2701,-41.057608,-50.072637,3.997728,0.134800,1.915815,0.574153,0.000000,11,FALSE
91.50,2701,-39.058744,-50.005237,3.986446,0.329014,1.923170,0.549015,0.000000,11,FALSE
92.00,2701,-37.065521,-49.840730,3.972283,0.470070,1.932774,0.514184,0.000000,11,FALSE
92.50,2701,-35.079379,-49.605695,3.959859,0.565258,1.943658,0.471374,0.000000,11,FALSE
93.00,2701,-33.099450,-49.323066,3.951455,0.621294,1.954951,0.422097,0.000000,11,FALSE
93.50,2701,-31.123722,-49.012419,3.947789,0.644175,1.965901,0.367739,0.000000,11,FALSE
94.00,2701,-29.149828,-48.690332,3.948600,0.639184,1.975891,0.309607,0.000000,11,FALSE
94.50,2701,-27.175528,-48.370739,3.953061,0.610988,1.984446,0.248946,0.000000,11,FALSE
95.00,2701,-25.198997,-48.065245,3.960077,0.563732,1.991243,0.186951,0.000000,11,FALSE
95.50,2701,-23.218959,-47.783379,3.968484,0.501135,1.996106,0.124749,0.000000,11,FALSE
96.00,2701,-21.234717,-47.532812,3.977191,0.426562,1.998995,0.063381,0.000000,11,FALSE
96.50,2701,-19.246122,-47.319531,3.985261,0.343063,1.999996,0.003778,0.000000,11,FALSE
97.00,2701,-17.253491,-47.148000,3.991965,0.253403,1.999291,-0.053260,0.000000,11,FALSE
97.50,2701,-15.257508,-47.021298,3.996796,0.160065,1.997131,-0.107080,0.000000,11,FALSE
98.00,2701,-13.259110,-46.941266,3.999468,0.065253,1.993814,-0.157182,0.000000,11,FALSE
98.50,2701,-11.259376,-46.908639,3.999894,-0.029117,1.989649,-0.203217,0.000000,11,FALSE
99.00,2701,-9.259429,-46.923198,3.998157,-0.121416,1.984939,-0.244981,0.000000,11,FALSE
99.50,2701,-7.260351,-46.983905,3.994468,-0.210299,1.979963,-0.282396,0.000000,11,FALSE
100.00,2701,-5.263117,-47.089055,3.989129,-0.294700,1.974959,-0.315492,0.000000,11,FALSE
100.50,2701,-3.268552,-47.236405,3.982495,-0.373811,1.970126,-0.344389,0.000000,11,FALSE
101.00,2701,-1.277305,-47.423310,3.974938,-0.447062,1.965613,-0.369276,0.000000,11,FALSE
101.50,2701,0.710164,-47.646842,3.966825,-0.514100,1.961528,-0.390392,0.000000,11,FALSE
102.00,2701,2.693577,-47.903892,3.958492,-0.574754,1.957939,-0.408011,0.000000,11,FALSE
102.50,2701,4.672823,-48.191269,3.950234,-0.629011,1.954880,-0.422428,0.000000,11,FALSE
103.00,2701,6.647939,-48.505774,3.942295,-0.676988,1.952355,-0.433947,0.000000,11,FALSE
103.50,2701,8.619087,-48.844268,3.934867,-0.718903,1.950349,-0.442874,0.000000,11,FALSE
104.00,2701,10.586520,-49.203720,3.928090,-0.755054,1.948831,-0.449510,0.000000,11,FALSE
104.50,2701,12.550565,-49.581247,3.922056,-0.785798,1.947756,-0.454145,0.000000,11,FALSE
105.00,2701,14.511593,-49.974145,3.916813,-0.811529,1.947076,-0.457051,0.000000,11,FALSE
105.50,2701,16.470000,-50.379910,3.912373,-0.832667,1.946738,-0.458488,0.000000,11,FALSE
106.00,2701,18.426186,-50.796243,3.908722,-0.849643,1.946690,-0.458693,0.000000,11,FALSE
106.50,2701,20.380547,-51.221064,3.905819,-0.862888,1.946880,-0.457886,0.000000,11,FALSE
107.00,2701,22.333457,-51.652508,3.903610,-0.872828,1.947260,-0.456264,0.000000,11,FALSE
107.50,2701,24.285262,-52.088922,3.902029,-0.879870,1.947788,-0.454006,0.000000,11,FALSE
108.00,2701,26.236277,-52.528857,3.901003,-0.884406,1.948424,-0.451269,0.000000,11,FALSE
108.50,2701,28.186778,-52.971060,3.900459,-0.886802,1.949134,-0.448192,0.000000,11,FALSE
109.00,2701,30.137008,-53.414462,3.900323,-0.887400,1.949889,-0.444896,0.000000,11,FALSE
109.50,2701,32.087169,-53.858162,3.900525,-0.886513,1.950665,-0.441482,0.000000,11,FALSE
110.00,2701,34.037432,-54.301418,3.900999,-0.884426,1.951441,-0.438038,0.000000,11,FALSE
110.50,2701,35.987931,-54.743631,3.901684,-0.881396,1.952202,-0.434635,0.000000,11,FALSE
111.00,2701,37.938773,-55.184329,3.902528,-0.877651,1.952934,-0.431332,0.000000,11,FALSE
111.50,2701,39.890037,-55.623155,3.903484,-0.873392,1.953629,-0.428173,0.000000,11,FALSE
112.00,2701,41.841779,-56.059851,3.903687,-0.872483,1.952249,-0.434422,0.000000,11,FALSE
112.50,2701,43.793623,-56.496093,3.891588,-0.924957,1.918066,-0.566589,0.000000,11,FALSE
113.00,2701,45.739417,-56.958571,3.860407,-1.047501,1.848495,-0.763587,0.000000,11,FALSE
113.50,2701,47.669620,-57.482322,3.791610,-1.274241,1.690967,-1.068003,0.000000,11,FALSE
114.00,2701,49.565425,-58.119442,3.635421,-1.668447,1.293491,-1.525412,0.000000,11,FALSE
114.50,2701,51.383136,-58.953666,3.285015,-2.282252,0.363106,-1.966762,0.000000,11,FALSE
115.00,2701,53.025644,-60.094792,2.676414,-2.972677,-0.816751,-1.825628,0.000000,11,FALSE
115.50,2701,54.363851,-61.581130,1.874780,-3.533440,-1.491143,-1.332851,0.000000,11,FALSE
116.00,2701,55.301241,-63.347850,0.949787,-3.885602,-1.818834,-0.831771,0.000000,11,FALSE
116.50,2701,55.776134,-65.290651,0.004490,-3.999997,-1.890118,-0.653801,0.000000,11,FALSE
117.00,2701,55.778379,-67.290650,-0.890166,-3.899693,-1.943165,-0.473404,0.000000,11,FALSE
117.50,2701,55.333296,-69.240496,-1.682139,-3.629106,-1.976495,-0.305725,0.000000,11,FALSE
118.00,2701,54.492227,-71.055049,-2.341667,-3.242930,-1.993459,-0.161614,0.000000,11,FALSE
118.50,2701,53.321393,-72.676514,-2.860491,-2.795995,-1.999465,-0.046262,0.000000,11,FALSE
119.00,2701,51.891147,-74.074512,-3.247456,-2.335386,-1.999604,0.039782,0.000000,11,FALSE
119.50,2701,50.267419,-75.242205,-3.522029,-1.896130,-1.997561,0.098739,0.000000,11,FALSE
120.00,2701,48.506405,-76.190270,-3.707876,-1.500553,-1.995505,0.134010,0.000000,11,FALSE
120.50,2701,46.652467,-76.940546,-3.828059,-1.160156,-1.994427,0.149198,0.000000,11,FALSE
121.00,2701,44.738437,-77.520624,-3.902328,-0.878542,-1.994544,0.147630,0.000000,11,FALSE
121.50,2701,42.787273,-77.959895,-3.946129,-0.654264,-1.995626,0.132207,0.000000,11,FALSE
122.00,2701,40.814208,-78.287028,-3.970724,-0.483067,-1.997221,0.105402,0.000000,11,FALSE
122.50,2701,38.828847,-78.528561,-3.983820,-0.359418,-1.998798,0.069332,0.000000,11,FALSE
123.00,2701,36.836937,-78.708270,-3.990367,-0.277434,-1.999833,0.025839,0.000000,11,FALSE
123.50,2701,34.841753,-78.846987,-3.993302,-0.231383,-1.999863,-0.023436,0.000000,11,FALSE
124.00,2701,32.845102,-78.962679,-3.994168,-0.215913,-1.998517,-0.077001,0.000000,11,FALSE
124.50,2701,30.848018,-79.070635,-3.993603,-0.226125,-1.995541,-0.133478,0.000000,11,FALSE
125.00,2701,28.851216,-79.183698,-3.991699,-0.257569,-1.990802,-0.191593,0.000000,11,FALSE
